[gd_scene format=3 uid="uid://dupnhpnmut3d3"]

[ext_resource type="Script" uid="uid://c8b65sn8sg7xt" path="res://assets/menus/ingamemenu.gd" id="1_xyuba"]
[ext_resource type="Texture2D" uid="uid://bfuxm3tuofp6v" path="res://assets/png/photo_2026-02-16_14-47-03.jpg" id="2_xyuba"]
[ext_resource type="Texture2D" uid="uid://cc8ty5k2b1olx" path="res://assets/png/photo_2026-02-18_23-50-51.jpg" id="3_vmggn"]
[ext_resource type="Texture2D" uid="uid://bf6kg3gxud0ga" path="res://assets/png/photo_2026-02-18_23-51-22.jpg" id="4_8gj4p"]

[sub_resource type="BoxMesh" id="BoxMesh_s7dtb"]
size = Vector3(0.5, 0.5, 3)

[sub_resource type="BoxShape3D" id="BoxShape3D_8omcj"]
size = Vector3(0.5878906, 0.43188477, 3.0386353)

[sub_resource type="BoxMesh" id="BoxMesh_8aat6"]
size = Vector3(0.5, 0.5, 3)

[sub_resource type="BoxShape3D" id="BoxShape3D_ugn2o"]
size = Vector3(0.5830078, 0.46398926, 3.0736694)

[node name="ingamemenu" type="Node3D" unique_id=2031328553 node_paths=PackedStringArray("continue_button", "exit_button", "verify_button", "verify_button2")]
script = ExtResource("1_xyuba")
continue_button = NodePath("Continue_button")
exit_button = NodePath("Exit_button")
verify_button = NodePath("verify_button")
verify_button2 = NodePath("verify_button2")

[node name="verify_button2" type="Node3D" parent="." unique_id=1120754031]
transform = Transform3D(0.9908952, 0.079682924, 0.10852669, -0.0738552, 0.9956557, -0.05670348, -0.11257354, 0.04817219, 0.99247557, 0.17722154, -1.0364673, -1.3057885)

[node name="verify2_button_mesh" type="MeshInstance3D" parent="verify_button2" unique_id=488959513]
transform = Transform3D(1, 0, 0, 0, 1, 0, 0, 0, 1, 0, 1.8696003, 0)
mesh = SubResource("BoxMesh_s7dtb")

[node name="Label3D" type="Label3D" parent="verify_button2/verify2_button_mesh" unique_id=113333795]
transform = Transform3D(-0.013246669, 0, 0.99991226, 0, 1, 0, -0.99991226, 0, -0.013246669, 0.52829075, 0.06834149, 0)
text = "leave
"
font_size = 100

[node name="Area3D" type="Area3D" parent="verify_button2" unique_id=843669653]

[node name="CollisionShape3D" type="CollisionShape3D" parent="verify_button2/Area3D" unique_id=319209828]
transform = Transform3D(1, 0, 0, 0, 1, 0, 0, 0, 1, -0.0087890625, 1.862242, 0.081207275)
shape = SubResource("BoxShape3D_8omcj")

[node name="verify_button" type="Node3D" parent="." unique_id=332237191]
transform = Transform3D(0.9977209, 0.039215006, 0.054914016, -0.037756115, 0.9989125, -0.027355706, -0.055927064, 0.02522015, 0.99811655, 0.24088097, -1.7175872, 2.1048765)

[node name="verify_button_mesh" type="MeshInstance3D" parent="verify_button" unique_id=299056558]
transform = Transform3D(0.99999994, 0, 0, -4.656613e-10, 1, 0, 3.7252903e-09, -1.8626451e-09, 1, 0, 1.8696003, 0)
mesh = SubResource("BoxMesh_s7dtb")

[node name="Label3D" type="Label3D" parent="verify_button/verify_button_mesh" unique_id=737471276]
transform = Transform3D(-0.013246669, 0, 0.99991226, 0, 1, 0, -0.99991226, 0, -0.013246669, 0.52829075, 0.06834149, 0)
text = "menu
"
font_size = 100

[node name="Area3D" type="Area3D" parent="verify_button" unique_id=1983404127]

[node name="CollisionShape3D" type="CollisionShape3D" parent="verify_button/Area3D" unique_id=1141004798]
transform = Transform3D(0.99999994, 0, 0, -4.656613e-10, 1, 0, 3.7252903e-09, -1.8626451e-09, 1, -0.008789092, 1.862242, 0.081207275)
shape = SubResource("BoxShape3D_8omcj")

[node name="Continue_button" type="Node3D" parent="." unique_id=152715757]
transform = Transform3D(0.77916306, 0, -0.62682146, -0.11880838, 0.9818728, -0.14768334, 0.61545897, 0.18954106, 0.76503897, 0, 0, -2.287521)

[node name="continue_button_mesh" type="MeshInstance3D" parent="Continue_button" unique_id=310745183]
transform = Transform3D(1, 0, 0, 0, 1, 0, 0, 0, 1, 0, 1.8696003, 0)
mesh = SubResource("BoxMesh_s7dtb")

[node name="Label3D" type="Label3D" parent="Continue_button/continue_button_mesh" unique_id=1143979922]
transform = Transform3D(-0.013246669, 0, 0.99991226, 0, 1, 0, -0.99991226, 0, -0.013246669, 0.52829075, 0.06834149, 0)
text = "continue
"
font_size = 100

[node name="Area3D" type="Area3D" parent="Continue_button" unique_id=782831239]

[node name="CollisionShape3D" type="CollisionShape3D" parent="Continue_button/Area3D" unique_id=1749740415]
transform = Transform3D(1, 0, 0, 0, 1, 0, 0, 0, 1, -0.0087890625, 1.862242, 0.081207275)
shape = SubResource("BoxShape3D_8omcj")

[node name="Exit_button" type="Node3D" parent="." unique_id=950028045]
transform = Transform3D(0.8135679, 0, -0.58146995, 0, 1, 0, 0.58146995, 0, 0.8135679, 0, -1.4499404, -2.4297066)

[node name="exit_button_mesh" type="MeshInstance3D" parent="Exit_button" unique_id=732361697]
transform = Transform3D(0.8733859, -0.4785477, 0.09049305, 0.47854772, 0.80870914, -0.3420257, 0.09049305, 0.34202567, 0.93532324, 0.40702546, 1.12221, 0.6591419)
mesh = SubResource("BoxMesh_8aat6")

[node name="Label3D" type="Label3D" parent="Exit_button/exit_button_mesh" unique_id=1211884059]
transform = Transform3D(-0.013246669, 0, 0.99991226, 0, 1, 0, -0.99991226, 0, -0.013246669, 0.52829075, 0.06834149, 0.036303043)
text = "exit
"
font_size = 100

[node name="Area3D" type="Area3D" parent="Exit_button" unique_id=1583512658]
transform = Transform3D(1, 0, 0, 0, 1, 0, 0, 0, 1, 0, 2.08118, 0)

[node name="CollisionShape3D" type="CollisionShape3D" parent="Exit_button/Area3D" unique_id=170911712]
transform = Transform3D(0.8705175, -0.48335785, 0.092543095, 0.48335785, 0.80437565, -0.34546357, 0.09254295, 0.34546357, 0.93385804, 0.85010403, -0.7737628, 0.6421317)
shape = SubResource("BoxShape3D_ugn2o")

[node name="Camera3D" type="Camera3D" parent="." unique_id=258690795]
transform = Transform3D(-0.023489945, 0, 0.9997241, 0, 1, 0, -0.9997241, 0, -0.023489945, 2.4625406, 1.0574675, 0)
fov = 100.0

[node name="Node3D" type="Node3D" parent="." unique_id=224457207]
transform = Transform3D(0.045432735, 0, 0.9989674, 0, 1, 0, -0.9989674, 0, 0.045432735, -3.8602626, 0, 0)

[node name="Sprite3D" type="Sprite3D" parent="Node3D" unique_id=542470831]
transform = Transform3D(0.80643433, 0, 0.5913237, 0, 1, 0, -0.5913237, 0, 0.80643433, -3.5169764, 0, 0.15995097)
texture = ExtResource("2_xyuba")

[node name="Sprite3D" type="Sprite3D" parent="." unique_id=1795418244]
transform = Transform3D(0.5575856, 0, -0.8301193, 0, 1, 0, 0.8301193, 0, 0.5575856, -3.8405187, 0, 3.5067825)
visible = false
texture = ExtResource("3_vmggn")

[node name="Sprite3D2" type="Sprite3D" parent="." unique_id=984298232]
transform = Transform3D(0.5661474, 0, -0.8243041, 0, 1, 0, 0.8243041, 0, 0.5661474, -3.7416124, 0, 3.5)
visible = false
texture = ExtResource("4_8gj4p")

[node name="DirectionalLight3D" type="DirectionalLight3D" parent="." unique_id=74644155]
transform = Transform3D(-0.31693277, 0.10837696, 0.9422357, -0.6700963, 0.6774721, -0.30331865, -0.6712113, -0.7275202, -0.1420901, 1.8458816, -2.3918934, -2.4359446)
