[gd_scene format=3 uid="uid://cl0er1jjmurf8"]

[ext_resource type="Script" uid="uid://do2shunhcuxr3" path="res://assets/scenes/menu.gd" id="1_8omcj"]
[ext_resource type="Texture2D" uid="uid://b4vacssietjov" path="res://assets/scenes/photo_2026-02-14_14-25-24.jpg" id="2_8aat6"]

[sub_resource type="BoxMesh" id="BoxMesh_s7dtb"]
size = Vector3(0.5, 0.5, 3)

[sub_resource type="BoxShape3D" id="BoxShape3D_8omcj"]
size = Vector3(0.5878906, 0.43188477, 3.0386353)

[sub_resource type="BoxMesh" id="BoxMesh_8aat6"]
size = Vector3(0.5, 0.5, 3)

[sub_resource type="BoxShape3D" id="BoxShape3D_ugn2o"]
size = Vector3(0.5830078, 0.46398926, 3.0736694)

[node name="Menu" type="Node3D" unique_id=2031328553 node_paths=PackedStringArray("play_button", "play_button_sbox", "exit_button")]
script = ExtResource("1_8omcj")
play_button = NodePath("Play_button")
play_button_sbox = NodePath("Play_button_sbox")
exit_button = NodePath("Exit_button")

[node name="Play_button" type="Node3D" parent="." unique_id=152715757]
transform = Transform3D(0.77916306, 0, -0.62682146, -0.11880838, 0.9818728, -0.14768334, 0.61545897, 0.18954106, 0.76503897, 0, 0, -2.287521)

[node name="play_button_mesh" type="MeshInstance3D" parent="Play_button" unique_id=310745183]
transform = Transform3D(1, 0, 0, 0, 1, 0, 0, 0, 1, 0, 1.8696003, 0)
mesh = SubResource("BoxMesh_s7dtb")

[node name="Label3D" type="Label3D" parent="Play_button/play_button_mesh" unique_id=1143979922]
transform = Transform3D(-0.013246669, 0, 0.99991226, 0, 1, 0, -0.99991226, 0, -0.013246669, 0.52829075, 0.06834149, 0)
text = "Play
"
font_size = 100

[node name="Area3D" type="Area3D" parent="Play_button" unique_id=782831239]

[node name="CollisionShape3D" type="CollisionShape3D" parent="Play_button/Area3D" unique_id=1749740415]
transform = Transform3D(1, 0, 0, 0, 1, 0, 0, 0, 1, -0.0087890625, 1.862242, 0.081207275)
shape = SubResource("BoxShape3D_8omcj")

[node name="Play_button_sbox" type="Node3D" parent="." unique_id=792337189]
transform = Transform3D(0.8777429, 0.35436368, 0.3224811, -0.29662922, 0.93045974, -0.21507283, -0.37626958, 0.09312134, 0.92181885, -0.096132874, 0, 1.3515563)

[node name="sbox_button_mesh" type="MeshInstance3D" parent="Play_button_sbox" unique_id=259116629]
transform = Transform3D(1, 0, 0, 0, 1, 0, 0, 0, 1, 0, 1.8696003, 0)
mesh = SubResource("BoxMesh_s7dtb")

[node name="Label3D" type="Label3D" parent="Play_button_sbox/sbox_button_mesh" unique_id=1340485946]
transform = Transform3D(-0.013246669, 0, 0.99991226, 0, 1, 0, -0.99991226, 0, -0.013246669, 0.52829075, 0.06834149, 0)
text = "Play (sbox)
"
font_size = 100

[node name="Area3D" type="Area3D" parent="Play_button_sbox" unique_id=1365124306]

[node name="CollisionShape3D" type="CollisionShape3D" parent="Play_button_sbox/Area3D" unique_id=919811041]
transform = Transform3D(1, 0, 0, 0, 1, 0, 0, 0, 1, -0.0087890625, 1.862242, 0.081207275)
shape = SubResource("BoxShape3D_8omcj")

[node name="Exit_button" type="Node3D" parent="." unique_id=950028045]
transform = Transform3D(0.8135679, 0, -0.58146995, 0, 1, 0, 0.58146995, 0, 0.8135679, 0, -1.4499404, -2.4297066)

[node name="exit_button_mesh" type="MeshInstance3D" parent="Exit_button" unique_id=732361697]
transform = Transform3D(0.8733859, -0.4785477, 0.09049305, 0.47854772, 0.80870914, -0.3420257, 0.09049305, 0.34202567, 0.93532324, 0.40702546, 1.12221, 0.6591419)
mesh = SubResource("BoxMesh_8aat6")

[node name="Label3D" type="Label3D" parent="Exit_button/exit_button_mesh" unique_id=1211884059]
transform = Transform3D(-0.013246669, 0, 0.99991226, 0, 1, 0, -0.99991226, 0, -0.013246669, 0.52829075, 0.06834149, 0.036303043)
text = "Exit
"
font_size = 100

[node name="Area3D" type="Area3D" parent="Exit_button" unique_id=1583512658]
transform = Transform3D(1, 0, 0, 0, 1, 0, 0, 0, 1, 0, 2.08118, 0)

[node name="CollisionShape3D" type="CollisionShape3D" parent="Exit_button/Area3D" unique_id=170911712]
transform = Transform3D(0.8705175, -0.48335785, 0.092543095, 0.48335785, 0.80437565, -0.34546357, 0.09254295, 0.34546357, 0.93385804, 0.85010403, -0.7737628, 0.6421317)
shape = SubResource("BoxShape3D_ugn2o")

[node name="Camera3D" type="Camera3D" parent="." unique_id=258690795]
transform = Transform3D(-0.023489945, 0, 0.9997241, 0, 1, 0, -0.9997241, 0, -0.023489945, 2.4625406, 1.0574675, 0)
fov = 100.0

[node name="Node3D" type="Node3D" parent="." unique_id=224457207]
transform = Transform3D(0.045432735, 0, 0.9989674, 0, 1, 0, -0.9989674, 0, 0.045432735, -3.8602626, 0, 0)

[node name="Sprite3D" type="Sprite3D" parent="Node3D" unique_id=542470831]
transform = Transform3D(0.80643433, 0, 0.5913237, 0, 1, 0, -0.5913237, 0, 0.80643433, -3.5169764, 0, 0.15995097)
texture = ExtResource("2_8aat6")

[node name="DirectionalLight3D" type="DirectionalLight3D" parent="." unique_id=500156854]
transform = Transform3D(0.1410454, 0.0011043238, 0.9900025, 0.09502278, 0.9953673, -0.014648172, -0.9854323, 0.09613884, 0.14028701, 1.667755, -3.6937828, -2.4359446)
